.Random.seed <-
c(10403L, 10L, -780670593L, -2121891578L, 17021584L, 1401088819L, 
-285585199L, -1135689088L, -1890225314L, -1214685015L, -717184165L, 
996938090L, 1345008652L, -2092313521L, 782476549L, -2026109508L, 
64983186L, 1710343053L, 1924035527L, 1138837678L, -5748472L, 
2064660235L, -1120480791L, -448375112L, -1607900826L, 844489217L, 
-1307222893L, 1606616898L, 2076072180L, 1439798519L, 1533258989L, 
99876740L, 813404586L, 294962965L, 1319982511L, -1067893322L, 
1921385440L, -582841565L, -611455935L, 859627312L, -998257330L, 
1690226617L, 1028442571L, 372320890L, -1697308804L, 1714220991L, 
2106841237L, -1758542164L, 579474562L, -1503521699L, -818365609L, 
82945598L, -910235016L, 1362557275L, 2043394233L, -665192184L, 
-1088181322L, 1580165361L, 980942627L, -1502287502L, -402416700L, 
383227783L, 1233665373L, 1751634772L, 498649466L, 63620293L, 
2140042783L, -1311022682L, 955257648L, -970169901L, 1365329905L, 
102539552L, -1579171906L, -1532702775L, -2074427525L, 562513226L, 
11850156L, -1266103121L, -245016987L, 1014410780L, 1994014834L, 
1571870445L, 1900600103L, 1802639182L, -1412030552L, 1348832171L, 
490309833L, -213004072L, 1837796742L, -1253088159L, 1790453235L, 
580248674L, 1892917972L, 423060439L, -1249674803L, 597831012L, 
626985290L, 760139957L, 2040805391L, -606007018L, -1400804416L, 
-753981565L, -1494071903L, 1312786832L, 2074243694L, 1130701849L, 
1037850795L, -410178406L, -2076971940L, 1968798047L, -457487563L, 
-2074816820L, -1669546974L, 380862077L, -769277065L, -1822663522L, 
-427234472L, -1109700933L, 1277112409L, 1430598632L, -1385621994L, 
1150843281L, -691267005L, 1432000850L, -28930588L, -2104503257L, 
1262436477L, -1214444172L, -1609211558L, 1385334693L, 1418307519L, 
1591843910L, 2021952208L, 557724915L, 1866928657L, 518153280L, 
783943710L, 527431401L, 18588699L, 1898179626L, -800190644L, 
-831875825L, 420649029L, 736494076L, -1181085614L, 1792514509L, 
1638804359L, 1378229870L, 1308905032L, 542337099L, 1682416041L, 
-685269768L, 1674512422L, 1226455361L, 216717011L, 1592245890L, 
1519232180L, -837419977L, 2100707117L, 2036956228L, 1871503722L, 
1287609813L, -1621132433L, 138576502L, -567716448L, 481813091L, 
1431388929L, 329341552L, 1263728142L, -1038655879L, 578226699L, 
917914426L, -1593255364L, -2005984897L, -1630162219L, -2055560468L, 
-1112181694L, 562785181L, 945570327L, 1026070398L, -1481542344L, 
-1721048549L, -1957328007L, 1890078152L, -1578708490L, 1019749425L, 
-1511049629L, 1409116722L, 466851716L, 628786631L, 28544157L, 
1409502228L, -771020102L, -1764381947L, 20967647L, 1562528102L, 
968244464L, 2088167443L, -1870676559L, -547858336L, -152390146L, 
312721801L, 1523414715L, 1301688970L, 685084012L, 1152604911L, 
-980245211L, 1346769884L, -1311350350L, -854015827L, 2006175847L, 
-1232013426L, -739262360L, 1867074667L, 447141385L, 175339672L, 
-1334025274L, 998504225L, -315010125L, 1300634402L, 710118676L, 
72777111L, -1386420851L, 1805837476L, -1249212790L, 1500986613L, 
393257807L, 114867286L, 1206107904L, -75421886L, 1725369856L, 
1955337788L, -1762370992L, -700438878L, 1048691528L, -592711156L, 
1579247836L, -87053742L, -2140401536L, 855649108L, 590804456L, 
1178124026L, 1586817872L, 1085807660L, -1271518860L, 493606546L, 
-183087520L, -1648531828L, -1342421152L, -1013110046L, 1523347624L, 
-282874676L, -828440068L, -1612542030L, -1098511888L, 1021629892L, 
-989373608L, 1752625018L, -1661499984L, 1259103676L, -1575623596L, 
1860540354L, 1472313120L, 71035836L, 661751376L, -425145886L, 
-713095832L, -366248628L, -1418365700L, 1345153778L, -527760640L, 
-2019365260L, -1636486136L, 27003322L, 2036241360L, 1469490668L, 
285216660L, -838263086L, -1034462624L, -1924547252L, -1467207392L, 
1315229314L, 2012014056L, -591264788L, -1631733188L, 64620146L, 
3578736L, -1784458972L, -1053756872L, 1892448666L, -1499509296L, 
1370721724L, -427273068L, 1411364994L, 823049664L, 427749180L, 
24944784L, 760556322L, -750728696L, -1429698292L, 1000581532L, 
-79369710L, -1819914368L, 1877363476L, 1547256104L, -2018949062L, 
-1205847088L, 126053996L, -43576780L, 1435657874L, -285491872L, 
-681293492L, -915401760L, 667156898L, 1277761960L, 1831884428L, 
1099775420L, 1223430770L, -1067471888L, 1907966532L, -256708520L, 
-1700551622L, -1138437008L, 1713693756L, -1232845548L, 1333381826L, 
1698002656L, -1787851652L, 668437200L, -1203369566L, -1653130200L, 
22046476L, -834761284L, 630015794L, 1236242112L, -1508577228L, 
-1636118840L, -945338182L, 1349542544L, -97141012L, -1345160620L, 
-1779880302L, 1598082336L, -1363491380L, 1878208224L, 1753023682L, 
-1616413656L, -1943309396L, -1163972932L, -390424590L, -1686087120L, 
-1990048860L, 1320488376L, 2059947866L, 1935057040L, -85946500L, 
-910715628L, 1722845506L, -909945600L, 21832124L, -1750579888L, 
1547161890L, -377343416L, 1244349452L, -1288727972L, 1939711442L, 
-1392181760L, -449873580L, 2134961384L, 676927738L, -1118799152L, 
-511557844L, -2036710156L, 1018830226L, -1926368928L, 308711436L, 
-1478317856L, 1374606946L, 96080040L, 887832652L, -1204299908L, 
1716137266L, -864407952L, 599209796L, 1984359384L, 941942650L, 
-1123326928L, 1311352764L, -914392492L, -1930364862L, -517445984L, 
-1893592388L, -92336176L, 2053411170L, -1769837848L, 267529420L, 
1639115260L, 792719858L, -74934144L, -1083867660L, 1182476936L, 
-378329286L, 125837648L, -1656242068L, -785562220L, 635491410L, 
-573902368L, -2088693556L, 360798880L, -573908606L, -1368929048L, 
-336964884L, -737683140L, -323963790L, -674046352L, 1137419812L, 
-1946752968L, 276018458L, -26537776L, -289481412L, 1561468820L, 
376643458L, -1005936704L, 472483388L, -582047344L, -55524318L, 
1655912712L, -1691978612L, -1617902820L, 887847058L, -440080000L, 
1617050644L, -1657807064L, -1209276870L, -1611861552L, -2133659284L, 
1492203444L, 2135023122L, 654230496L, -1821833780L, -2595616L, 
262737954L, -1549330648L, -941918708L, -1069878468L, -1375243278L, 
-1272280336L, 813312580L, -1519073704L, -1978149062L, -919882768L, 
-757168452L, -2113706732L, 678285506L, -1563378592L, 345028988L, 
308669137L, 1272886979L, -362185276L, -566928782L, 1090011975L, 
1579744017L, 1913972374L, 193657844L, 130205061L, -1000105777L, 
-123489848L, 1833906278L, -752261485L, 2113172981L, -2103261230L, 
-1134046176L, -1799731703L, -1848598725L, 1502057100L, -1671674086L, 
1832192399L, 470066905L, 1308846446L, -1253706500L, 120393325L, 
-2072393193L, -1706688544L, -1213449282L, -1720706677L, -807761395L, 
-1499732422L, -832254344L, -939383263L, 24197331L, -1349072908L, 
861409410L, 1734871319L, -1558085663L, 1665784102L, -138397660L, 
-1211606315L, -734108033L, 1313007384L, -1962187210L, -1442334525L, 
19584261L, -317416286L, 1501430416L, 396103225L, -574148885L, 
90337244L, -1892716022L, -1675389697L, 2137473353L, 1444590302L, 
-1322934132L, -368379811L, 673150567L, 2065688464L, -2066158674L, 
-193211813L, -2028433859L, -903032662L, -569478840L, -199002767L, 
125911779L, -1072608796L, 1708008722L, -849143577L, -711909711L, 
21857526L, 1357084436L, 1854619685L, -516909777L, -153486616L, 
604469190L, 925624947L, -516342571L, -1142866254L, -1097734528L, 
-411447703L, -339537189L, 828427820L, -1708339654L, -1464399633L, 
1329304441L, -980541426L, 473966044L, -834812339L, -1337326153L, 
-506668224L, -1367025122L, 1482718443L, -1038269331L, -274025254L, 
-1021723496L, -121009407L, 440496307L, 1995013076L, 1120945890L, 
964802423L, -218596671L, -1150924218L, -897268348L, -1148495051L, 
1542482207L, 40779896L, -526402218L, 1721066467L, 204127653L, 
309485634L, -595931600L, 792991321L, 1691045835L, 1895477308L, 
1670119018L, -1634356065L, -1454443223L, 148570558L, -562380628L, 
1458853373L, -1584439993L, 1485567536L, 1081384782L, -609234053L, 
1880675549L, 1977627914L, -569167832L, -809474927L, -2081689469L, 
-2144165500L, -1031983182L, -133598969L, -39787695L, -1497677098L, 
-777905228L, -808115259L, -520588529L, 1867673992L, 2028004518L, 
-223267757L, -1575635531L, 1566489362L, -1058731808L, -1823318711L, 
